              precision    recall  f1-score   support

           0       0.00      0.00      0.00      9720
           1       0.00      0.00      0.00      9720
           2       0.20      1.00      0.33      9720
           3       0.00      0.00      0.00      9720
           4       0.00      0.00      0.00      9720

    accuracy                           0.20     48600
   macro avg       0.04      0.20      0.07     48600
weighted avg       0.04      0.20      0.07     48600

--------------------------------------------------
