              precision    recall  f1-score   support

           0       0.97      0.96      0.97       980
           1       0.95      0.98      0.97      1135
           2       0.96      0.93      0.94      1032
           3       0.95      0.90      0.93      1010
           4       0.95      0.93      0.94       982
           5       0.94      0.92      0.93       892
           6       0.98      0.92      0.95       958
           7       0.97      0.91      0.94      1028
           8       0.80      0.94      0.87       974
           9       0.90      0.94      0.92      1009

    accuracy                           0.93     10000
   macro avg       0.94      0.93      0.93     10000
weighted avg       0.94      0.93      0.94     10000

--------------------------------------------------
              precision    recall  f1-score   support

           0       0.98      0.97      0.98       980
           1       0.99      0.98      0.98      1135
           2       0.93      0.96      0.94      1032
           3       0.97      0.92      0.94      1010
           4       0.94      0.96      0.95       982
           5       0.97      0.92      0.94       892
           6       0.87      0.97      0.92       958
           7       0.92      0.95      0.94      1028
           8       0.95      0.89      0.92       974
           9       0.93      0.91      0.92      1009

    accuracy                           0.94     10000
   macro avg       0.95      0.94      0.94     10000
weighted avg       0.95      0.94      0.94     10000

--------------------------------------------------
              precision    recall  f1-score   support

           0       0.97      0.99      0.98       980
           1       0.99      0.98      0.99      1135
           2       0.97      0.96      0.96      1032
           3       0.95      0.94      0.95      1010
           4       0.95      0.96      0.96       982
           5       0.92      0.96      0.94       892
           6       0.99      0.94      0.96       958
           7       0.96      0.97      0.96      1028
           8       0.93      0.95      0.94       974
           9       0.96      0.93      0.94      1009

    accuracy                           0.96     10000
   macro avg       0.96      0.96      0.96     10000
weighted avg       0.96      0.96      0.96     10000

--------------------------------------------------
