              precision    recall  f1-score   support

           0       0.50      0.96      0.66       980
           1       0.27      0.98      0.42      1135
           2       0.78      0.93      0.85      1032
           3       0.00      0.00      0.00      1010
           4       0.00      0.00      0.00       982
           5       0.00      0.00      0.00       892
           6       0.00      0.00      0.00       958
           7       0.00      0.00      0.00      1028
           8       0.32      0.92      0.48       974
           9       0.00      0.00      0.00      1009

    accuracy                           0.39     10000
   macro avg       0.19      0.38      0.24     10000
weighted avg       0.19      0.39      0.25     10000

--------------------------------------------------
              precision    recall  f1-score   support

           0       0.51      0.97      0.67       980
           1       0.00      0.00      0.00      1135
           2       0.00      0.00      0.00      1032
           3       0.00      0.00      0.00      1010
           4       0.00      0.00      0.00       982
           5       0.00      0.00      0.00       892
           6       0.00      0.00      0.00       958
           7       0.25      0.98      0.39      1028
           8       0.24      0.99      0.38       974
           9       0.00      0.00      0.00      1009

    accuracy                           0.29     10000
   macro avg       0.10      0.29      0.14     10000
weighted avg       0.10      0.29      0.14     10000

--------------------------------------------------
              precision    recall  f1-score   support

           0       0.96      0.98      0.97       980
           1       0.98      0.98      0.98      1135
           2       0.94      0.94      0.94      1032
           3       0.93      0.93      0.93      1010
           4       0.94      0.95      0.94       982
           5       0.94      0.91      0.92       892
           6       0.95      0.96      0.95       958
           7       0.92      0.96      0.94      1028
           8       0.90      0.94      0.92       974
           9       0.97      0.88      0.92      1009

    accuracy                           0.94     10000
   macro avg       0.94      0.94      0.94     10000
weighted avg       0.94      0.94      0.94     10000

--------------------------------------------------
