              precision    recall  f1-score   support

           0       0.76      0.72      0.74      1000
           1       0.99      0.90      0.94      1000
           2       0.70      0.60      0.65      1000
           3       0.70      0.87      0.78      1000
           4       0.71      0.62      0.66      1000
           5       0.87      0.85      0.86      1000
           6       0.31      0.10      0.15      1000
           7       0.84      0.89      0.87      1000
           8       0.50      0.93      0.65      1000
           9       0.94      0.88      0.91      1000

    accuracy                           0.74     10000
   macro avg       0.73      0.74      0.72     10000
weighted avg       0.73      0.74      0.72     10000

--------------------------------------------------
