              precision    recall  f1-score   support

           0       0.87      0.97      0.92       980
           1       0.99      0.95      0.97      1135
           2       0.95      0.87      0.91      1032
           3       0.56      0.01      0.02      1010
           4       0.92      0.89      0.91       982
           5       0.28      0.93      0.43       892
           6       0.96      0.90      0.93       958
           7       0.96      0.83      0.89      1028
           8       0.00      0.00      0.00       974
           9       0.76      0.90      0.82      1009

    accuracy                           0.73     10000
   macro avg       0.73      0.73      0.68     10000
weighted avg       0.74      0.73      0.69     10000

--------------------------------------------------
              precision    recall  f1-score   support

           0       0.00      0.00      0.00       980
           1       0.98      0.99      0.98      1135
           2       0.00      0.00      0.00      1032
           3       0.00      0.00      0.00      1010
           4       0.00      0.00      0.00       982
           5       0.00      0.00      0.00       892
           6       0.00      0.00      0.00       958
           7       0.12      0.99      0.21      1028
           8       0.00      0.00      0.00       974
           9       0.00      0.00      0.00      1009

    accuracy                           0.21     10000
   macro avg       0.11      0.20      0.12     10000
weighted avg       0.12      0.21      0.13     10000

--------------------------------------------------
              precision    recall  f1-score   support

           0       0.96      0.98      0.97       980
           1       0.97      0.98      0.98      1135
           2       0.97      0.92      0.95      1032
           3       0.91      0.97      0.94      1010
           4       0.97      0.93      0.95       982
           5       0.97      0.90      0.93       892
           6       0.95      0.97      0.96       958
           7       0.93      0.96      0.95      1028
           8       0.93      0.92      0.92       974
           9       0.93      0.94      0.93      1009

    accuracy                           0.95     10000
   macro avg       0.95      0.95      0.95     10000
weighted avg       0.95      0.95      0.95     10000

--------------------------------------------------
