              precision    recall  f1-score   support

           0       0.95      0.99      0.97       980
           1       0.99      0.99      0.99      1135
           2       0.98      0.92      0.95      1032
           3       0.82      0.99      0.90      1010
           4       0.93      0.98      0.95       982
           5       0.99      0.91      0.95       892
           6       0.95      0.97      0.96       958
           7       0.95      0.96      0.96      1028
           8       0.98      0.83      0.90       974
           9       0.98      0.91      0.94      1009

    accuracy                           0.95     10000
   macro avg       0.95      0.94      0.95     10000
weighted avg       0.95      0.95      0.95     10000

--------------------------------------------------
              precision    recall  f1-score   support

           0       0.98      0.99      0.98       980
           1       0.98      0.98      0.98      1135
           2       0.97      0.96      0.97      1032
           3       0.90      0.98      0.94      1010
           4       0.98      0.97      0.97       982
           5       0.99      0.94      0.96       892
           6       0.97      0.97      0.97       958
           7       0.96      0.97      0.97      1028
           8       0.94      0.96      0.95       974
           9       0.98      0.92      0.95      1009

    accuracy                           0.96     10000
   macro avg       0.97      0.96      0.96     10000
weighted avg       0.97      0.96      0.96     10000

--------------------------------------------------
              precision    recall  f1-score   support

           0       0.97      0.99      0.98       980
           1       0.99      0.99      0.99      1135
           2       0.95      0.97      0.96      1032
           3       0.94      0.96      0.95      1010
           4       0.97      0.96      0.96       982
           5       0.94      0.96      0.95       892
           6       0.97      0.97      0.97       958
           7       0.94      0.96      0.95      1028
           8       0.95      0.94      0.95       974
           9       0.98      0.90      0.94      1009

    accuracy                           0.96     10000
   macro avg       0.96      0.96      0.96     10000
weighted avg       0.96      0.96      0.96     10000

--------------------------------------------------
