              precision    recall  f1-score   support

           0       0.51      0.53      0.52      9720
           1       0.47      0.99      0.64      9720
           2       0.51      0.23      0.31      9720
           3       0.59      0.83      0.69      9720
           4       0.00      0.00      0.00      9720

    accuracy                           0.52     48600
   macro avg       0.42      0.52      0.43     48600
weighted avg       0.42      0.52      0.43     48600

--------------------------------------------------
