              precision    recall  f1-score   support

           0       0.96      0.98      0.97       980
           1       0.99      0.96      0.98      1135
           2       0.95      0.94      0.94      1032
           3       0.97      0.89      0.92      1010
           4       0.92      0.95      0.94       982
           5       0.83      0.96      0.89       892
           6       0.96      0.94      0.95       958
           7       0.97      0.93      0.95      1028
           8       0.89      0.94      0.91       974
           9       0.95      0.89      0.92      1009

    accuracy                           0.94     10000
   macro avg       0.94      0.94      0.94     10000
weighted avg       0.94      0.94      0.94     10000

--------------------------------------------------
